  -0.7202369E+01   0.2113733E+02  -0.3856673E+01
  -0.2040474E+00  -0.8095141E+00   0.5505012E+00
  -0.8350078E+00  -0.1496123E+00  -0.5295074E+00
   0.5110054E+00  -0.5677174E+00  -0.6454226E+00
   0.3022931E+01   0.1461153E+02   0.2040584E+00
  -0.9889114E+00   0.1471784E+00   0.1981660E-01
  -0.1421608E+00  -0.8995990E+00  -0.4129310E+00
  -0.4294754E-01  -0.4111693E+00   0.9105467E+00
  -0.1325629E+02   0.2738687E+02   0.9308883E+01
   0.9935810E+00   0.1131199E+00  -0.8158797E-03
  -0.9353715E-01   0.8255907E+00   0.5564628E+00
   0.6362058E-01  -0.5528146E+00   0.8308721E+00
   0.2235997E+01   0.2588063E+02   0.7281520E+01
  -0.9404634E+00   0.1937453E+00   0.2792693E+00
   0.2285324E-01   0.8558186E+00  -0.5167709E+00
  -0.3391258E+00  -0.4796219E+00  -0.8092938E+00
  -0.1107819E+02   0.1504138E+02   0.2135946E+02
   0.7463122E+00   0.4582849E-01  -0.6640165E+00
   0.6336232E-01  -0.9979879E+00   0.2336924E-02
  -0.6625733E+00  -0.4381770E-01  -0.7477143E+00
  -0.6816647E+01   0.2841990E+02   0.1900524E+02
   0.6158922E+00  -0.5729424E+00   0.5407530E+00
   0.7099153E+00   0.7012260E+00  -0.6559203E-01
  -0.3416096E+00   0.4242864E+00   0.8386202E+00
  -0.5766258E+00   0.1250718E+02   0.3281472E+02
  -0.6873991E+00   0.1450245E+00  -0.7116533E+00
  -0.4581606E+00  -0.8468815E+00   0.2699639E+00
  -0.5635347E+00   0.5116245E+00   0.6485901E+00
   0.2980565E+01   0.2429936E+02   0.2597950E+02
  -0.2139772E+00  -0.8505547E+00  -0.4803857E+00
   0.1129095E+00   0.4669443E+00  -0.8770487E+00
   0.9702913E+00  -0.2419086E+00  -0.3879702E-02
   0.3089169E+01   0.2959333E+01   0.2469923E+02
  -0.7234542E+00   0.6158205E+00   0.3120565E+00
  -0.4759009E+00  -0.7723060E+00   0.4207872E+00
   0.5001324E+00   0.1559123E+00   0.8517975E+00
   0.4826430E+01   0.1601695E+02   0.1935911E+02
  -0.8064076E+00  -0.5554072E+00  -0.2030507E+00
  -0.4427815E+00   0.7946875E+00  -0.4152305E+00
   0.3919839E+00  -0.2449380E+00  -0.8867661E+00
  -0.2505848E+01  -0.3563892E+01   0.1403334E+02
   0.7988591E-01   0.4824607E+00   0.8722671E+00
  -0.2573465E-01  -0.8737739E+00   0.4856511E+00
   0.9964718E+00  -0.6124417E-01  -0.5738626E-01
  -0.4992001E+01   0.1037655E+02   0.1329969E+02
  -0.6434031E+00  -0.7129675E+00   0.2787649E+00
  -0.7617383E+00   0.6324487E+00  -0.1405826E+00
  -0.7607363E-01  -0.3027972E+00  -0.9500140E+00
  -0.1173886E+02  -0.9181898E+01   0.1290111E+02
   0.3812568E+00   0.3894222E+00   0.8384471E+00
  -0.1831140E-02  -0.9066299E+00   0.4219228E+00
   0.9244673E+00  -0.1623963E+00  -0.3449458E+00
  -0.9904178E+01   0.2312134E+01   0.2240400E+02
  -0.1219249E+00  -0.9903039E+00  -0.6657697E-01
  -0.9793761E+00   0.1309251E+00  -0.1538867E+00
   0.1611112E+00   0.4644126E-01  -0.9858430E+00
  -0.4669561E+01  -0.1696408E+02   0.2132691E+02
   0.4906569E-01   0.6305891E+00   0.7745644E+00
   0.4218931E+00  -0.7160035E+00   0.5561881E+00
   0.9053169E+00   0.2994936E+00  -0.3011724E+00
  -0.7888933E+01  -0.4250194E+01   0.3024391E+02
   0.2241696E+00  -0.9584466E+00  -0.1764314E+00
  -0.9330854E+00  -0.2633314E+00   0.2449657E+00
  -0.2812464E+00   0.1097117E+00  -0.9533435E+00
   0.5435847E+01  -0.2162041E+02   0.2648142E+02
   0.1489453E+00   0.9725587E+00   0.1787311E+00
   0.9726726E+00  -0.1115400E+00  -0.2036340E+00
  -0.1781104E+00   0.2041772E+00  -0.9625946E+00
  -0.6159643E+01  -0.1783677E+02   0.3527456E+02
   0.9038204E+00  -0.3028258E+00   0.3023331E+00
  -0.3634537E+00  -0.1703581E+00   0.9159037E+00
  -0.2258544E+00  -0.9376965E+00  -0.2640363E+00
   0.1091877E+02  -0.2578810E+02   0.3375940E+02
  -0.1939541E+00   0.9591095E+00  -0.2061331E+00
   0.9037954E+00   0.9298686E-01  -0.4177408E+00
  -0.3814914E+00  -0.2673247E+00  -0.8848739E+00
  -0.2003404E+01  -0.2443709E+02   0.4211849E+02
   0.7533542E+00   0.6277525E+00   0.1959190E+00
  -0.5459229E+00   0.4309000E+00   0.7185356E+00
   0.3666410E+00  -0.6482685E+00   0.6673248E+00
   0.1896271E+02  -0.1686303E+02   0.3942179E+02
  -0.8366297E+00  -0.2841503E+00  -0.4683048E+00
   0.4901919E+00  -0.6828887E-02  -0.8715878E+00
   0.2444639E+00  -0.9587554E+00   0.1450014E+00
   0.9317784E+01  -0.1322773E+02   0.5052411E+02
   0.2114440E+00   0.5268273E+00  -0.8232523E+00
  -0.4694793E+00   0.7935086E+00   0.3872123E+00
   0.8572518E+00   0.3046262E+00   0.4151172E+00
   0.1801705E+02  -0.7693490E+01   0.3156356E+02
  -0.7449259E+00  -0.6459156E+00   0.1669685E+00
  -0.1082613E+00  -0.1299193E+00  -0.9855965E+00
   0.6583046E+00  -0.7522726E+00   0.2685258E-01
   0.1645225E+02  -0.4639991E+01   0.4704229E+02
  -0.8007670E+00  -0.8937091E-01  -0.5922711E+00
  -0.5858513E+00   0.3227229E+00   0.7433896E+00
   0.1247021E+00   0.9422647E+00  -0.3107839E+00
  -0.4179111E+01   0.1936696E+02   0.1207262E+01
   0.2460641E+00  -0.9662209E+00   0.7661297E-01
  -0.1394831E+00  -0.1135202E+00  -0.9836959E+00
   0.9591647E+00   0.2313661E+00  -0.1627047E+00
  -0.3429239E+01   0.1642244E+02   0.1440737E+01
   0.4564178E+00  -0.8891487E+00  -0.3312655E-01
   0.7166381E+00   0.3894213E+00  -0.5786025E+00
   0.5273638E+00   0.2403447E+00   0.8149367E+00
   0.1013043E+00   0.1968302E+02   0.1641692E+01
  -0.7108808E+00   0.3759782E+00   0.5943811E+00
  -0.5865449E+00  -0.7832680E+00  -0.2060494E+00
   0.3880896E+00  -0.4951077E+00   0.7773383E+00
  -0.1770464E+01   0.2067298E+02   0.3206713E+01
  -0.7885418E+00   0.4512705E+00   0.4178000E+00
  -0.4885352E+00  -0.8723115E+00   0.2014837E-01
   0.3735441E+00  -0.1882222E+00   0.9083156E+00
  -0.3771492E+01   0.2181814E+02   0.4266936E+01
  -0.6987100E+00   0.3559200E+00   0.6205846E+00
  -0.5056294E+00  -0.8593596E+00  -0.7641999E-01
   0.5061059E+00  -0.3671813E+00   0.7804068E+00
  -0.5125882E+01   0.2250806E+02   0.5469886E+01
  -0.6702865E+00   0.3029151E+00   0.6774648E+00
  -0.4464482E+00  -0.8938203E+00  -0.4206350E-01
   0.5927901E+00  -0.3306475E+00   0.7343515E+00
  -0.7044727E+01   0.2337522E+02   0.7409281E+01
  -0.3300355E+00   0.7265338E+00   0.6026817E+00
  -0.8615026E+00  -0.4928028E+00   0.1223058E+00
   0.3858625E+00  -0.4788466E+00   0.7885532E+00
  -0.7995859E+01   0.2546903E+02   0.9146154E+01
  -0.2015455E+00   0.7168869E+00   0.6674223E+00
  -0.8888770E+00  -0.4200936E+00   0.1828085E+00
   0.4114329E+00  -0.5564121E+00   0.7218923E+00
  -0.9207961E+01   0.2500333E+02   0.6063557E+01
   0.9404288E+00   0.2079242E+00   0.2690002E+00
  -0.3336511E+00   0.4123275E+00   0.8477400E+00
   0.6534945E-01  -0.8869913E+00   0.4571388E+00
  -0.6033204E+01   0.2570525E+02   0.6971664E+01
   0.9048964E+00   0.3902230E+00  -0.1699663E+00
   0.2455972E+00  -0.1525608E+00   0.9572916E+00
   0.3476270E+00  -0.9079930E+00  -0.2338894E+00
  -0.9846089E+00   0.2316341E+02   0.1143662E+02
  -0.9209129E+00   0.1208573E+00   0.3705576E+00
  -0.5007986E-01   0.9061426E+00  -0.4199972E+00
  -0.3865377E+00  -0.4053383E+00  -0.8284259E+00
  -0.3001217E+01   0.2342806E+02   0.1224806E+02
  -0.8082741E+00  -0.2364101E+00   0.5392618E+00
  -0.5471157E+00   0.6400416E+00  -0.5394544E+00
  -0.2176175E+00  -0.7310656E+00  -0.6466728E+00
  -0.5195089E+01   0.2278638E+02   0.1371176E+02
  -0.5241942E+00  -0.5083665E+00   0.6832158E+00
  -0.8234307E+00   0.5072041E+00  -0.2543734E+00
  -0.2172150E+00  -0.6959220E+00  -0.6844781E+00
  -0.6315556E+01   0.2169974E+02   0.1517214E+02
  -0.2208631E+00  -0.9004991E+00   0.3745943E+00
  -0.9035829E+00   0.3334898E+00   0.2689286E+00
  -0.3670933E+00  -0.2790806E+00  -0.8873311E+00
  -0.6966915E+01   0.1904403E+02   0.1627687E+02
  -0.3005631E+00  -0.9537619E+00  -0.3865857E-03
  -0.7849725E+00   0.2471415E+00   0.5681014E+00
  -0.5417379E+00   0.1710538E+00  -0.8229585E+00
  -0.7818037E+01   0.1634321E+02   0.1627578E+02
  -0.3275951E+00  -0.9126726E+00   0.2443567E+00
  -0.7697257E+00   0.4077862E+00   0.4911546E+00
  -0.5479086E+00  -0.2718777E-01  -0.8360963E+00
  -0.7555234E+01   0.2179576E+02   0.2267876E+02
   0.7068174E+00   0.6977983E+00   0.1161323E+00
   0.1090350E+00   0.5473912E-01  -0.9925296E+00
  -0.6989425E+00   0.7141996E+00  -0.3739388E-01
  -0.5334964E+01   0.2398770E+02   0.2304356E+02
   0.4384723E+00   0.8978952E+00  -0.3906626E-01
  -0.3811433E+00   0.1464082E+00  -0.9128496E+00
  -0.8139237E+00   0.4151491E+00   0.4064227E+00
  -0.7369040E+01   0.2302497E+02   0.2031542E+02
   0.5363279E+00  -0.7300150E+00   0.4235923E+00
   0.8310262E+00   0.5444458E+00  -0.1139040E+00
  -0.1474714E+00   0.4131063E+00   0.8986631E+00
  -0.5774014E+01   0.2085392E+02   0.2157518E+02
   0.2747632E+00  -0.6380185E+00   0.7193313E+00
   0.8780476E+00   0.4713733E+00   0.8270138E-01
  -0.3918386E+00   0.6088839E+00   0.6897267E+00
  -0.5114447E+01   0.1932236E+02   0.2330193E+02
   0.2283750E+00  -0.3124415E+00   0.9220765E+00
   0.8382871E+00   0.5447421E+00  -0.2303907E-01
  -0.4950955E+00   0.7782264E+00   0.3863212E+00
  -0.4545107E+01   0.1854344E+02   0.2560067E+02
   0.2891864E+00  -0.5675132E+00   0.7709086E+00
   0.8586251E+00   0.5098330E+00   0.5322847E-01
  -0.4232425E+00   0.6465285E+00   0.6347178E+00
  -0.3803035E+01   0.1708716E+02   0.2757887E+02
   0.1410189E+00  -0.7709238E+00   0.6211200E+00
   0.8938879E+00   0.3688203E+00   0.2548255E+00
  -0.4255327E+00   0.5192765E+00   0.7411301E+00
  -0.3396602E+01   0.1486527E+02   0.2936901E+02
  -0.5988256E+00  -0.6045667E+00   0.5252685E+00
   0.7581524E+00  -0.2165627E+00   0.6150654E+00
  -0.2580944E+00   0.7665505E+00   0.5880370E+00
   0.2334050E+01   0.1656651E+02   0.2756116E+02
   0.1347277E+00   0.5925860E+00  -0.7941601E+00
  -0.9793124E+00  -0.4248948E-01  -0.1978432E+00
  -0.1509826E+00   0.8043858E+00   0.5746023E+00
   0.2764338E+01   0.1845909E+02   0.2502480E+02
   0.3234259E+00   0.6209959E+00  -0.7139747E+00
  -0.4392701E+00   0.7668329E+00   0.4679840E+00
   0.8381154E+00   0.1622696E+00   0.5207986E+00
   0.8868515E+00   0.1956513E+02   0.2861880E+02
  -0.2614155E+00  -0.7771955E+00  -0.5723889E+00
  -0.2734469E-01   0.5987352E+00  -0.8004801E+00
   0.9648389E+00  -0.1936061E+00  -0.1777708E+00
   0.1575199E+00   0.1739680E+02   0.2702188E+02
   0.2888837E-01  -0.9608093E+00  -0.2757007E+00
  -0.9971628E-01   0.2716699E+00  -0.9572106E+00
   0.9945965E+00   0.5514410E-01  -0.8796023E-01
   0.2422108E+00   0.1458004E+02   0.2621362E+02
   0.1023523E+00  -0.9760044E+00  -0.1921963E+00
  -0.5494821E-01   0.1873688E+00  -0.9807516E+00
   0.9932294E+00   0.1109430E+00  -0.3445206E-01
   0.4475817E+00   0.1262168E+02   0.2582797E+02
   0.3047854E+00  -0.9524049E+00  -0.5542455E-02
   0.1451642E+00   0.5220473E-01  -0.9880294E+00
   0.9412934E+00   0.3003324E+00   0.1541663E+00
   0.1240330E+01   0.1014446E+02   0.2581356E+02
  -0.2943722E+00  -0.9330160E+00   0.2069450E+00
   0.2521839E+00  -0.2846995E+00  -0.9248510E+00
   0.9218179E+00  -0.2200622E+00   0.3190993E+00
   0.5468881E+00   0.7946590E+01   0.2630105E+02
  -0.1541113E+00  -0.8279870E+00   0.5391542E+00
   0.6129341E+00  -0.5081017E+00  -0.6050988E+00
   0.7749591E+00   0.2372134E+00   0.5858056E+00
   0.2967259E+01   0.8469475E+01   0.1970759E+02
  -0.3020110E+00   0.8233569E+00  -0.4804922E+00
  -0.6292080E+00   0.2064826E+00   0.7493078E+00
   0.7161610E+00   0.5286287E+00   0.4557028E+00
   0.2045080E+01   0.1098356E+02   0.1824043E+02
  -0.2177702E+00   0.8278772E+00  -0.5169095E+00
   0.2085509E+00   0.5568590E+00   0.8039991E+00
   0.9534583E+00   0.6728511E-01  -0.2939218E+00
   0.3043752E+01   0.1113888E+02   0.2132273E+02
  -0.7732762E+00  -0.6134397E+00  -0.1604235E+00
  -0.3635428E+00   0.6362230E+00  -0.6804829E+00
   0.5195003E+00  -0.4678804E+00  -0.7149877E+00
   0.8573375E+00   0.9404397E+01   0.2086914E+02
  -0.3298562E+00  -0.8182975E+00  -0.4707272E+00
  -0.4227556E+00   0.5738837E+00  -0.7013809E+00
   0.8440809E+00  -0.3235230E-01  -0.5352389E+00
  -0.2626172E-01   0.7212390E+01   0.1960819E+02
  -0.2517477E+00  -0.8782343E+00  -0.4066049E+00
  -0.3664469E+00   0.4753555E+00  -0.7998461E+00
   0.8957342E+00  -0.5236034E-01  -0.4414959E+00
  -0.5590876E+00   0.5353600E+01   0.1874760E+02
  -0.2932629E+00  -0.9201357E+00  -0.2595132E+00
  -0.1168014E+00   0.3038984E+00  -0.9455174E+00
   0.9488700E+00  -0.2469737E+00  -0.1965953E+00
  -0.1370668E+01   0.2807202E+01   0.1802942E+02
   0.6546749E-01  -0.9978444E+00   0.4535917E-02
  -0.1240024E+00  -0.1264593E-01  -0.9922013E+00
   0.9901199E+00   0.6439447E-01  -0.1245630E+00
  -0.1180400E+01  -0.9283331E-01   0.1804261E+02
   0.2786433E+00  -0.9378694E+00   0.2067824E+00
  -0.1086475E+00  -0.2447107E+00  -0.9634897E+00
   0.9542293E+00   0.2460036E+00  -0.1700842E+00
  -0.5055739E+01   0.2862949E+01   0.1451262E+02
  -0.7569905E+00   0.6529627E+00   0.2459986E-01
   0.2240495E+00   0.2240109E+00   0.9484835E+00
   0.6138137E+00   0.7235045E+00  -0.3158701E+00
  -0.7388724E+01   0.4875329E+01   0.1458844E+02
  -0.4834173E+00   0.7060404E+00  -0.5175081E+00
   0.4296451E+00   0.7064356E+00   0.5624534E+00
   0.7627010E+00   0.4955482E-01  -0.6448500E+00
  -0.3871637E+01   0.5869059E+01   0.1603250E+02
  -0.6747397E+00  -0.7176806E+00   0.1722235E+00
  -0.7251535E+00   0.6012016E+00  -0.3357216E+00
   0.1373998E+00  -0.3514131E+00  -0.9260832E+00
  -0.5890704E+01   0.3721497E+01   0.1654786E+02
  -0.3299885E+00  -0.9363817E+00   0.1195696E+00
  -0.7467986E+00   0.1814784E+00  -0.6398105E+00
   0.5774075E+00  -0.3004245E+00  -0.7591743E+00
  -0.6800939E+01   0.1138595E+01   0.1687768E+02
  -0.3953851E+00  -0.9140448E+00  -0.9051339E-01
  -0.6190189E+00   0.3379694E+00  -0.7089375E+00
   0.6785914E+00  -0.2242738E+00  -0.6994390E+00
  -0.7600822E+01  -0.7105596E+00   0.1669457E+02
  -0.1635080E+00  -0.9832686E+00  -0.8029924E-01
  -0.7460088E+00   0.1764933E+00  -0.6421222E+00
   0.6455509E+00  -0.4508820E-01  -0.7623851E+00
  -0.7984638E+01  -0.3018670E+01   0.1650607E+02
  -0.1294158E+00  -0.9911311E+00   0.3017612E-01
  -0.5623938E+00   0.4830192E-01  -0.8254575E+00
   0.8166791E+00  -0.1237981E+00  -0.5636571E+00
  -0.8351509E+01  -0.5828352E+01   0.1659162E+02
   0.4489243E-02  -0.9990147E+00   0.4415195E-01
  -0.3577453E+00  -0.4283475E-01  -0.9328363E+00
   0.9338084E+00  -0.1160742E-01  -0.3575851E+00
  -0.1091391E+02  -0.4115174E+01   0.1435509E+02
   0.2091589E+00   0.3472886E+00   0.9141352E+00
   0.7492951E+00  -0.6575816E+00   0.7837881E-01
   0.6283386E+00   0.6685635E+00  -0.3977607E+00
  -0.1027223E+02  -0.3049724E+01   0.1715958E+02
  -0.3949050E+00   0.3269873E+00   0.8585624E+00
   0.9182786E+00   0.1695136E+00   0.3578122E+00
  -0.2853795E-01   0.9297013E+00  -0.3672072E+00
  -0.6562075E+01  -0.1605113E+01   0.2384511E+02
  -0.7771241E-01  -0.9962147E+00   0.3894995E-01
  -0.9686048E+00   0.6618949E-01  -0.2396325E+00
   0.2361473E+00  -0.5634953E-01  -0.9700820E+00
  -0.6802413E+01  -0.4686066E+01   0.2396556E+02
   0.3884141E+00  -0.9085668E+00  -0.1537557E+00
  -0.8248076E+00  -0.2683894E+00  -0.4976540E+00
   0.4108855E+00   0.3201147E+00  -0.8536391E+00
  -0.5858687E+01  -0.6893603E+01   0.2359199E+02
   0.1954942E+00  -0.9785023E+00  -0.6569041E-01
  -0.6013267E+00  -0.6668572E-01  -0.7962155E+00
   0.7747181E+00   0.1951569E+00  -0.6014363E+00
  -0.5827121E+01  -0.7051597E+01   0.2358138E+02
   0.3811211E+00  -0.9239113E+00  -0.3368429E-01
  -0.3451875E+00  -0.1084043E+00  -0.9322521E+00
   0.8576668E+00   0.3669283E+00  -0.3602378E+00
  -0.4874863E+01  -0.9360056E+01   0.2349722E+02
   0.1908448E+00  -0.9497089E+00   0.2482564E+00
  -0.1110311E+00  -0.2721665E+00  -0.9558230E+00
   0.9753206E+00   0.1548496E+00  -0.1573888E+00
  -0.4363937E+01  -0.1190260E+02   0.2416184E+02
   0.6025545E+00  -0.7500307E+00   0.2727308E+00
  -0.1687869E+00  -0.4537678E+00  -0.8749890E+00
   0.7800250E+00   0.4811952E+00  -0.4000152E+00
  -0.7513445E+01  -0.1171243E+02   0.2244896E+02
   0.2778350E-02   0.5649155E+00   0.8251441E+00
   0.9841925E+00  -0.1476624E+00   0.9777971E-01
   0.1770800E+00   0.8118290E+00  -0.5563959E+00
  -0.7504692E+01  -0.9932786E+01   0.2504840E+02
  -0.3606903E+00   0.3211777E+00   0.8756411E+00
   0.6625567E+00   0.7490096E+00  -0.1812883E-02
  -0.6564459E+00   0.5795080E+00  -0.4829590E+00
  -0.1901649E+01  -0.5227021E+01   0.2970085E+02
   0.8071676E-01  -0.9164104E+00  -0.3920162E+00
  -0.9807777E+00  -0.1431224E+00   0.1326314E+00
  -0.1776511E+00   0.3737752E+00  -0.9103473E+00
  -0.1637994E+01  -0.8220397E+01   0.2842036E+02
   0.6067442E+00  -0.7938555E+00   0.4067981E-01
  -0.7877099E+00  -0.5936040E+00   0.1647648E+00
  -0.1066517E+00  -0.1320140E+00  -0.9854936E+00
   0.5316695E-02  -0.1037048E+02   0.2853054E+02
   0.4173374E+00  -0.8917881E+00  -0.1747667E+00
  -0.8856060E+00  -0.4422438E+00   0.1418535E+00
  -0.2037928E+00   0.9557371E-01  -0.9743378E+00
   0.1078692E+01  -0.1266413E+02   0.2808105E+02
   0.4189909E+00  -0.8562843E+00  -0.3020330E+00
  -0.8777924E+00  -0.4670636E+00   0.1064525E+00
  -0.2322222E+00   0.2205196E+00  -0.9473352E+00
   0.2118506E+01  -0.1478917E+02   0.2733149E+02
   0.7563964E+00  -0.5613367E+00  -0.3358058E+00
  -0.5708654E+00  -0.8171309E+00   0.8006140E-01
  -0.3193387E+00   0.1311417E+00  -0.9385226E+00
   0.4309865E+01  -0.1641543E+02   0.2635863E+02
   0.9217121E+00  -0.1772569E+00  -0.3450027E+00
  -0.2245703E+00  -0.9690989E+00  -0.1020565E+00
  -0.3162515E+00   0.1715441E+00  -0.9330368E+00
   0.5083439E+00  -0.1988154E+02   0.3191880E+02
  -0.5638944E+00  -0.1014793E+00   0.8195884E+00
   0.2655751E+00   0.9174244E+00   0.2963145E+00
  -0.7819802E+00   0.3847524E+00  -0.4903801E+00
  -0.1397167E+01  -0.2022446E+02   0.3468835E+02
  -0.4665727E+00  -0.2758158E+00   0.8403782E+00
  -0.3169876E+00   0.9391641E+00   0.1322483E+00
  -0.8257293E+00  -0.2046860E+00  -0.5256185E+00
  -0.9739326E+00  -0.1711221E+02   0.3333476E+02
   0.9209455E+00  -0.3318865E+00   0.2042323E+00
  -0.2814498E+00  -0.2039951E+00   0.9376417E+00
  -0.2695282E+00  -0.9209980E+00  -0.2812778E+00
   0.1517222E+01  -0.1800996E+02   0.3388721E+02
   0.9296247E+00  -0.2769762E+00  -0.2430683E+00
   0.1337800E+00  -0.3609436E+00   0.9229424E+00
  -0.3433670E+00  -0.8905077E+00  -0.2984882E+00
   0.3725650E+01  -0.1866795E+02   0.3330978E+02
   0.9240400E+00  -0.3613123E+00   0.1249140E+00
  -0.2660695E+00  -0.3731872E+00   0.8887848E+00
  -0.2745125E+00  -0.8545085E+00  -0.4409741E+00
   0.3944056E+01  -0.1875335E+02   0.3333930E+02
   0.8935292E+00  -0.4488404E+00   0.1216334E-01
  -0.2959556E+00  -0.5683694E+00   0.7677021E+00
  -0.3376624E+00  -0.6895640E+00  -0.6406915E+00
   0.6126057E+01  -0.1984942E+02   0.3336900E+02
   0.7329942E+00  -0.3637397E+00  -0.5748156E+00
   0.1068754E-01  -0.8387627E+00   0.5443923E+00
  -0.6801509E+00  -0.4051798E+00  -0.6109207E+00
   0.8241423E+01  -0.2089915E+02   0.3171013E+02
   0.8685284E+00  -0.3031941E+00  -0.3920863E+00
   0.1735516E-01  -0.7719829E+00   0.6354063E+00
  -0.4953354E+00  -0.5586732E+00  -0.6652271E+00
   0.5637049E+01  -0.2376908E+02   0.4016481E+02
  -0.6884290E+00   0.3676682E+00   0.6252084E+00
  -0.1155853E+00   0.7953661E+00  -0.5950065E+00
  -0.7160346E+00  -0.4818847E+00  -0.5050561E+00
   0.3484784E+01  -0.2261962E+02   0.4211943E+02
  -0.5659709E+00   0.1339805E+00   0.8134655E+00
  -0.8052880E+00   0.1215212E+00  -0.5802963E+00
  -0.1766017E+00  -0.9835049E+00   0.3911549E-01
   0.2526802E+01  -0.2349819E+02   0.3946155E+02
   0.7358039E+00   0.6657228E+00   0.1241200E+00
  -0.5579316E+00   0.4920715E+00   0.6682649E+00
   0.3838033E+00  -0.5609624E+00   0.7334959E+00
   0.4562252E+01  -0.2165660E+02   0.3980491E+02
   0.9472253E+00   0.3141513E+00   0.6382151E-01
  -0.2276082E+00   0.5188843E+00   0.8239864E+00
   0.2257405E+00  -0.7950271E+00   0.5630037E+00
   0.7340961E+01  -0.2073503E+02   0.3999213E+02
   0.9583365E+00   0.2847078E+00   0.2307967E-01
  -0.1743976E+00   0.5192045E+00   0.8366673E+00
   0.2262227E+00  -0.8058338E+00   0.5472250E+00
   0.9341511E+01  -0.2014070E+02   0.4004031E+02
   0.9694453E+00   0.2256912E+00  -0.9612084E-01
  -0.8156178E-01   0.6660991E+00   0.7413903E+00
   0.2313513E+00  -0.7108976E+00   0.6641545E+00
   0.1185583E+02  -0.1955535E+02   0.3979101E+02
   0.8320444E+00   0.3390791E-01  -0.5536717E+00
   0.3880023E+00   0.6777499E+00   0.6245873E+00
   0.3964294E+00  -0.7345103E+00   0.5507617E+00
   0.1405858E+02  -0.1946559E+02   0.3832522E+02
   0.7285561E+00  -0.1392733E+00  -0.6706780E+00
   0.6743542E+00   0.3176712E+00   0.6665818E+00
   0.1202180E+00  -0.9379168E+00   0.3253609E+00
   0.1374297E+02  -0.1331014E+02   0.4432373E+02
  -0.5383361E+00   0.5823917E+00   0.6091093E+00
  -0.8350070E+00  -0.2709931E+00  -0.4788800E+00
  -0.1138313E+00  -0.7664089E+00   0.6321865E+00
   0.1214574E+02  -0.1158220E+02   0.4613094E+02
  -0.3058624E+00   0.7480234E+00   0.5889900E+00
  -0.8086229E+00  -0.5306598E+00   0.2540258E+00
   0.5025705E+00  -0.3985739E+00   0.7671778E+00
   0.1143986E+02  -0.1544566E+02   0.4556731E+02
   0.1512048E+00   0.4406606E+00  -0.8848477E+00
  -0.2155709E+00   0.8882943E+00   0.4055398E+00
   0.9647105E+00   0.1294279E+00   0.2293079E+00
   0.1181495E+02  -0.1435252E+02   0.4337228E+02
   0.3622728E+00   0.2933620E+00  -0.8847017E+00
   0.1676000E+00   0.9132034E+00   0.3714428E+00
   0.9168799E+00  -0.2828397E+00   0.2816612E+00
   0.1279719E+02  -0.1355712E+02   0.4097356E+02
   0.3032580E+00   0.3022933E+00  -0.9036887E+00
   0.4147336E+00   0.8119458E+00   0.4107798E+00
   0.8579223E+00  -0.4993623E+00   0.1208579E+00
   0.1343581E+02  -0.1292054E+02   0.3907053E+02
   0.4272549E+00   0.3765290E+00  -0.8219971E+00
   0.3591950E+00   0.7636410E+00   0.5364992E+00
   0.8297182E+00  -0.5244791E+00   0.1910220E+00
   0.1460563E+02  -0.1188960E+02   0.3681990E+02
   0.2205126E+00   0.1461546E+00  -0.9643718E+00
   0.3598457E+00   0.9067743E+00   0.2197075E+00
   0.9065789E+00  -0.3954733E+00   0.1473621E+00
   0.1514284E+02  -0.1153354E+02   0.3447054E+02
   0.1363370E+00  -0.1794474E+00  -0.9742745E+00
   0.6888372E+00   0.7239736E+00  -0.3695176E-01
   0.7119800E+00  -0.6660787E+00   0.2223145E+00
   0.1497592E+02  -0.5789387E+01   0.3851263E+02
  -0.3234916E+00   0.2736482E+00   0.9057979E+00
  -0.2737018E+00  -0.9434088E+00   0.1872624E+00
   0.9057817E+00  -0.1873407E+00   0.3800828E+00
   0.1380432E+02  -0.4798301E+01   0.4179320E+02
  -0.4133607E+00   0.4816513E+00   0.7727515E+00
   0.4509196E+00  -0.6290072E+00   0.6332625E+00
   0.7910780E+00   0.6102146E+00   0.4282082E-01
   0.1554150E+02  -0.7556432E+01   0.4194578E+02
  -0.8022985E+00  -0.1233797E+00  -0.5840330E+00
  -0.5880688E+00   0.3312628E+00   0.7378618E+00
   0.1024312E+00   0.9354370E+00  -0.3383274E+00
   0.1347206E+02  -0.7874677E+01   0.4043933E+02
  -0.4214721E+00   0.4343528E-01  -0.9058006E+00
  -0.9028212E+00   0.7385067E-01   0.4236271E+00
   0.8529434E-01   0.9963230E+00   0.8088294E-02
   0.1242849E+02  -0.7767130E+01   0.3819655E+02
   0.5310659E-02  -0.1157264E-01  -0.9999189E+00
  -0.9544951E+00   0.2981050E+00  -0.8519551E-02
   0.2981794E+00   0.9544629E+00  -0.9462896E-02
   0.1244554E+02  -0.7804284E+01   0.3498625E+02
   0.8743386E-01   0.2437533E+00  -0.9658880E+00
  -0.9799851E+00  -0.1530259E+00  -0.1273278E+00
  -0.1788424E+00   0.9576886E+00   0.2254949E+00
   0.1272190E+02  -0.7033816E+01   0.3193322E+02
  -0.1923240E-02   0.1998781E+00  -0.9798189E+00
  -0.9999934E+00   0.2647920E-02   0.2503002E-02
   0.3094778E-02   0.9798172E+00   0.1998717E+00
   0.1271417E+02  -0.6230531E+01   0.2799545E+02
  -0.7534401E-01   0.1364422E+00  -0.9877787E+00
  -0.9970035E+00  -0.2772118E-01   0.7221851E-01
  -0.1752873E-01   0.9902601E+00   0.1381220E+00
   0.5403909E-01   0.2073495E+02   0.2698244E+01
  -0.5859716E+00   0.2103579E+02   0.1696996E+01
  -0.4615903E+00   0.2211340E+02   0.2099719E+01
   0.1078791E+01   0.2182171E+02   0.2544388E+01
   0.1059493E+01   0.2120813E+02   0.1009358E+01
  -0.2362533E+00   0.2118568E+02   0.3726138E+00
  -0.1267462E+01   0.2166558E+02  -0.8702897E+00
  -0.2943159E+01   0.2199575E+02  -0.7017928E+00
  -0.9030570E+01   0.1827387E+02   0.1761262E+01
  -0.7821044E+01   0.1772535E+02   0.2787377E+01
  -0.7620773E+01   0.1648808E+02   0.3817096E+01
  -0.7371013E+01   0.1571613E+02   0.3804181E+01
  -0.8501641E+01   0.1484805E+02   0.3143144E+01
  -0.8039749E+01   0.1575576E+02   0.1512366E+01
  -0.9162836E+01   0.1628860E+02  -0.2637371E-01
  -0.8302559E+01   0.1707286E+02  -0.4912900E+00
   0.5533816E+00   0.1947173E+02  -0.4226117E+01
   0.7330269E-01   0.2091492E+02  -0.4518755E+01
  -0.9425377E+00   0.2146920E+02  -0.3415002E+01
  -0.1714202E+01   0.2163000E+02  -0.4502377E+01
  -0.3103353E+01   0.2130553E+02  -0.4185325E+01
  -0.1111971E+02   0.2070521E+02  -0.8435504E+00
  -0.1130860E+02   0.2212266E+02  -0.7580832E+00
  -0.1025562E+02   0.2231543E+02  -0.3586098E+00
  -0.8799253E+01   0.2164223E+02  -0.9783055E+00
  -0.9571594E+01   0.2038331E+02  -0.1456950E+01
  -0.5606654E+01   0.1807646E+02  -0.5496577E+01
  -0.6978361E+01   0.1790011E+02  -0.6788600E+01
  -0.8459388E+01   0.1800038E+02  -0.7216106E+01
  -0.8737947E+01   0.1979351E+02  -0.7137259E+01
  -0.7146292E+01   0.2613074E+02  -0.5556626E+01
  -0.8099155E+01   0.2709276E+02  -0.6385486E+01
  -0.7966320E+01   0.2682614E+02  -0.4727963E+01
  -0.7858545E+01   0.2501897E+02  -0.4252917E+01
  -0.1138665E+02   0.2316385E+02  -0.7031108E+01
  -0.1212846E+02   0.2170406E+02  -0.7031459E+01
  -0.1346281E+02   0.2101783E+02  -0.6559368E+01
  -0.1262627E+02   0.1980495E+02  -0.5410006E+01
  -0.1178683E+02   0.1977391E+02  -0.5754074E+01
  -0.1508202E+01   0.2493092E+02  -0.6389586E+01
  -0.2344662E+01   0.2447532E+02  -0.7939821E+01
  -0.3771893E+01   0.2459929E+02  -0.7642454E+01
  -0.4950774E+01   0.2473417E+02  -0.8252545E+01
  -0.5625304E+01   0.2517740E+02  -0.6738013E+01
  -0.4903103E+01   0.1737174E+02  -0.1360868E+01
  -0.4982282E+01   0.1739671E+02  -0.2299674E+01
  -0.6301545E+01   0.1758718E+02  -0.2303606E+01
  -0.5832516E+01   0.2016056E+02   0.7432767E+00
  -0.6067386E+01   0.2142109E+02   0.7959694E-01
  -0.5654887E+01   0.2149464E+02  -0.1395268E+01
   0.6649584E+01   0.2221560E+02   0.9067871E+01
   0.5657333E+01   0.2121853E+02   0.9183554E+01
   0.5358146E+01   0.2054077E+02   0.7468525E+01
   0.6233913E+01   0.2101475E+02   0.6335208E+01
   0.5452483E+01   0.2041304E+02   0.5035118E+01
   0.5254349E+01   0.1957626E+02   0.3560949E+01
   0.4229176E+01   0.1941866E+02   0.4115343E+01
   0.3826528E+01   0.1934060E+02   0.2562901E+01
  -0.2880126E+01   0.1167976E+02   0.5561899E+00
  -0.3184974E+01   0.1268276E+02   0.1552173E+01
  -0.4184446E+01   0.1332938E+02   0.5267224E+00
  -0.4619659E+01   0.1257004E+02  -0.5889651E+00
  -0.3829610E+01   0.1368239E+02  -0.1591713E+01
  -0.2904733E+01   0.1480417E+02  -0.1531289E+01
  -0.3523640E+01   0.1582516E+02  -0.6374375E+00
  -0.2797798E+01   0.1556583E+02   0.4219575E+00
   0.5596056E+01   0.1543033E+02   0.7804773E+01
   0.6035734E+01   0.1512708E+02   0.6459930E+01
   0.5436268E+01   0.1643111E+02   0.5245512E+01
   0.4726493E+01   0.1559673E+02   0.4825805E+01
   0.4682645E+01   0.1560243E+02   0.3439773E+01
   0.9799062E+00   0.1489668E+02  -0.6304213E+01
   0.1393036E+01   0.1626914E+02  -0.5526348E+01
   0.8216765E+00   0.1655116E+02  -0.4501886E+01
   0.3649012E+00   0.1627634E+02  -0.2762388E+01
   0.1050626E+01   0.1482713E+02  -0.2356563E+01
   0.8833249E+00   0.1033246E+02   0.2192003E+01
   0.1808954E+01   0.1124344E+02   0.2897087E+01
   0.2996396E+01   0.1028798E+02   0.2701170E+01
   0.3151244E+01   0.1098359E+02   0.5849306E+00
   0.5706291E+01   0.1854603E+02  -0.4179416E+01
   0.4910880E+01   0.1794826E+02  -0.3409204E+01
   0.4782438E+01   0.1642530E+02  -0.2721060E+01
   0.5833919E+01   0.1464441E+02  -0.2251304E+01
   0.2806866E+01   0.9935449E+01  -0.4926739E+01
   0.2447719E+01   0.1108952E+02  -0.4931719E+01
   0.1254950E+01   0.1035479E+02  -0.4180392E+01
   0.1393113E+01   0.9507416E+01  -0.2492454E+01
   0.1317915E+01   0.1053035E+02  -0.1990076E+01
   0.1037013E+02   0.1458759E+02  -0.1292491E+00
   0.9279320E+01   0.1458042E+02   0.8905550E+00
   0.9983145E+01   0.1400164E+02   0.2229284E+01
   0.8680427E+01   0.1294774E+02   0.1473833E+01
   0.7602495E+01   0.1375609E+02   0.4620026E+00
   0.1206612E+01   0.1441140E+02   0.3665333E+01
   0.1195148E+01   0.1391788E+02   0.2675567E+01
  -0.3559488E+00   0.1516383E+02   0.2200443E+01
   0.9307689E+00   0.1944111E+02  -0.7834520E+00
   0.1973053E+01   0.1831714E+02  -0.1046882E+01
   0.2842937E+01   0.1853865E+02   0.1284081E+00
  -0.6522818E+01   0.2200002E+02   0.6266790E+01
  -0.7071680E+01   0.2271158E+02   0.5350753E+01
  -0.8059142E+01   0.2318494E+02   0.6297235E+01
  -0.8782296E+01   0.2239681E+02   0.6869823E+01
  -0.9025758E+01   0.2295091E+02   0.7457489E+01
  -0.9127399E+01   0.2349595E+02   0.6409196E+01
  -0.1062620E+02   0.2299789E+02   0.6363385E+01
  -0.1217826E+02   0.2313211E+02   0.6660451E+01
  -0.5659238E+01   0.2668828E+02   0.7873470E+01
  -0.5623726E+01   0.2787086E+02   0.7168404E+01
  -0.7334401E+01   0.2754890E+02   0.7013063E+01
  -0.7224514E+01   0.2619595E+02   0.7724437E+01
  -0.6699981E+01   0.2638113E+02   0.9299434E+01
  -0.5246092E+01   0.2775634E+02   0.9356077E+01
  -0.6026243E+01   0.2886308E+02   0.8944671E+01
  -0.7390380E+01   0.2806480E+02   0.9140205E+01
  -0.8818703E+01   0.2438249E+02   0.9952914E+01
  -0.1017532E+02   0.2395542E+02   0.9666180E+01
  -0.1016154E+02   0.2292915E+02   0.1031976E+02
  -0.1152331E+02   0.2381941E+02   0.1013417E+02
  -0.1313132E+02   0.2376777E+02   0.9644871E+01
  -0.9089810E+01   0.3229406E+02   0.9636553E+01
  -0.8581392E+01   0.3160910E+02   0.7950189E+01
  -0.1012419E+02   0.3178214E+02   0.7565906E+01
  -0.1140558E+02   0.3148637E+02   0.7191091E+01
  -0.1167271E+02   0.3035919E+02   0.7289804E+01
  -0.1597135E+02   0.2875103E+02   0.1512595E+02
  -0.1480301E+02   0.2950446E+02   0.1491265E+02
  -0.1312440E+02   0.2915692E+02   0.1426286E+02
  -0.1383035E+02   0.2852628E+02   0.1258840E+02
  -0.1943262E+02   0.2656182E+02   0.7339633E+01
  -0.1862686E+02   0.2726964E+02   0.6437008E+01
  -0.1809035E+02   0.2791022E+02   0.7676830E+01
  -0.1631596E+02   0.2855397E+02   0.7832307E+01
  -0.1485529E+02   0.3035075E+02   0.1077645E+02
  -0.1451670E+02   0.3227962E+02   0.1142683E+02
  -0.1407742E+02   0.3290320E+02   0.1096286E+02
  -0.1434628E+02   0.3212710E+02   0.1231851E+02
  -0.1292610E+02   0.3147408E+02   0.1178000E+02
  -0.1841497E+02   0.2524909E+02   0.9460545E+01
  -0.1906061E+02   0.2622188E+02   0.8798399E+01
  -0.2070357E+02   0.2622535E+02   0.9585878E+01
  -0.1955131E+02   0.2725890E+02   0.8743458E+01
  -0.1814300E+02   0.2765080E+02   0.9279661E+01
  -0.9304333E+01   0.2457257E+02   0.1203984E+02
  -0.1038606E+02   0.2550762E+02   0.1119951E+02
  -0.1019344E+02   0.2667051E+02   0.1008802E+02
  -0.1101919E+02   0.2694634E+02   0.5657271E+01
  -0.1204968E+02   0.2692647E+02   0.6104967E+01
  -0.1198219E+02   0.2593008E+02   0.6927702E+01
  -0.2561787E+01   0.2193542E+02   0.1196026E+02
  -0.1310159E+01   0.2193060E+02   0.1216416E+02
  -0.4679586E+00   0.2159163E+02   0.1085518E+02
  -0.7099788E+00   0.2091549E+02   0.1014937E+02
   0.6882561E+00   0.2081103E+02   0.1042435E+02
   0.1967150E+01   0.1979869E+02   0.9843746E+01
   0.2233782E+01   0.2023304E+02   0.1089385E+02
   0.1658966E+01   0.2179906E+02   0.1021683E+02
   0.3473530E+00   0.2376048E+02   0.1146946E+02
   0.2703881E+00   0.2465422E+02   0.1087634E+02
  -0.6608120E+00   0.2493084E+02   0.1206289E+02
  -0.1231525E+01   0.2626430E+02   0.1286082E+02
  -0.3401070E+01   0.2593249E+02   0.1230695E+02
  -0.2573939E+01   0.2650122E+02   0.1134063E+02
  -0.2982347E+01   0.2634080E+02   0.1073357E+02
  -0.3167413E+01   0.2676392E+02   0.9254970E+01
   0.2071735E+01   0.1978690E+02   0.7220658E+01
   0.1328437E+01   0.1945054E+02   0.5906850E+01
   0.2080536E+01   0.2076148E+02   0.5273011E+01
   0.1951167E+01   0.2212497E+02   0.4878358E+01
   0.2291576E+01   0.2190890E+02   0.6484426E+01
   0.1075155E+01   0.3195081E+02   0.7602338E+01
   0.2274784E+01   0.3124149E+02   0.8005003E+01
   0.2048837E+01   0.3078405E+02   0.9195358E+01
   0.2287501E+01   0.2949290E+02   0.9223020E+01
   0.1294816E+01   0.2856617E+02   0.9134651E+01
   0.2436352E+01   0.2733135E+02   0.2370799E+01
   0.1338417E+01   0.2724568E+02   0.2330170E+01
   0.1855756E+00   0.2720445E+02   0.2964513E+01
   0.1867415E+01   0.2757891E+02   0.3804990E+01
   0.7781221E+01   0.2480283E+02   0.8640181E+01
   0.8996450E+01   0.2574330E+02   0.8485031E+01
   0.7624003E+01   0.2628568E+02   0.8459662E+01
   0.6060101E+01   0.2662173E+02   0.7735988E+01
   0.3561146E+01   0.3043428E+02   0.2833772E+01
   0.2392461E+01   0.3082796E+02   0.3639268E+01
   0.1257958E+01   0.3119205E+02   0.4490430E+01
   0.1801237E+01   0.3123673E+02   0.5645744E+01
   0.1854482E+01   0.3009874E+02   0.5511859E+01
   0.7287608E+01   0.2323418E+02   0.6028028E+01
   0.8533490E+01   0.2473672E+02   0.5923420E+01
   0.8888620E+01   0.2607113E+02   0.6602747E+01
   0.8083476E+01   0.2670674E+02   0.5876251E+01
   0.6725695E+01   0.2510697E+02   0.6025255E+01
  -0.9333837E+00   0.2411369E+02   0.5707545E+01
  -0.1371292E+01   0.2425084E+02   0.6829978E+01
  -0.1126561E+01   0.2510574E+02   0.7602194E+01
   0.4677384E+01   0.2419288E+02   0.1151436E+02
   0.3446293E+01   0.2428418E+02   0.1120419E+02
   0.1733660E+01   0.2420336E+02   0.1032824E+02
  -0.6236132E+01   0.2210092E+02   0.2068897E+02
  -0.7032829E+01   0.2131979E+02   0.2006899E+02
  -0.7975351E+01   0.2087996E+02   0.2125699E+02
  -0.8408606E+01   0.2256244E+02   0.2163930E+02
  -0.9109438E+01   0.2339819E+02   0.2116327E+02
  -0.1073189E+02   0.2273678E+02   0.2064334E+02
  -0.1049823E+02   0.2190487E+02   0.2130594E+02
  -0.1154602E+02   0.2069275E+02   0.2128856E+02
  -0.8598880E+01   0.1661141E+02   0.1445033E+02
  -0.7556020E+01   0.1716812E+02   0.1470245E+02
  -0.8331644E+01   0.1750752E+02   0.1517999E+02
  -0.6818480E+01   0.1743192E+02   0.1596649E+02
  -0.5444889E+01   0.1708641E+02   0.1505400E+02
  -0.6274165E+01   0.1636534E+02   0.1602846E+02
  -0.5925106E+01   0.1528365E+02   0.1696786E+02
  -0.7333084E+01   0.1535979E+02   0.1794195E+02
  -0.1370540E+02   0.1831124E+02   0.1945124E+02
  -0.1459358E+02   0.1860492E+02   0.1983108E+02
  -0.1563269E+02   0.1754500E+02   0.2009599E+02
  -0.1419423E+02   0.1744305E+02   0.1910568E+02
  -0.1373513E+02   0.1691796E+02   0.2014308E+02
  -0.6729112E+01   0.1182262E+02   0.2440398E+02
  -0.6724440E+01   0.1289121E+02   0.2388688E+02
  -0.6794760E+01   0.1262001E+02   0.2268312E+02
  -0.7171994E+01   0.1271598E+02   0.2258300E+02
  -0.7513629E+01   0.1437999E+02   0.2232301E+02
  -0.1430329E+02   0.1064898E+02   0.1779700E+02
  -0.1327923E+02   0.1116545E+02   0.1812011E+02
  -0.1253666E+02   0.1120549E+02   0.1935856E+02
  -0.1247825E+02   0.1181591E+02   0.2044348E+02
  -0.1515528E+02   0.1578679E+02   0.2594870E+02
  -0.1369307E+02   0.1521556E+02   0.2673978E+02
  -0.1279517E+02   0.1507037E+02   0.2599972E+02
  -0.1164872E+02   0.1416985E+02   0.2461241E+02
  -0.9671448E+01   0.9345064E+01   0.2405874E+02
  -0.1062705E+02   0.8913141E+01   0.2341199E+02
  -0.1147533E+02   0.9334410E+01   0.2229877E+02
  -0.1032120E+02   0.8974060E+01   0.2096197E+02
  -0.1010734E+02   0.9949958E+01   0.2079819E+02
  -0.1891861E+02   0.1650067E+02   0.2353357E+02
  -0.1784894E+02   0.1659257E+02   0.2272686E+02
  -0.1629627E+02   0.1607438E+02   0.2317252E+02
  -0.1601143E+02   0.1589558E+02   0.2439386E+02
  -0.1507324E+02   0.1464633E+02   0.2452677E+02
  -0.1144349E+02   0.1692543E+02   0.1720409E+02
  -0.1087926E+02   0.1579104E+02   0.1793693E+02
  -0.9432030E+01   0.1584637E+02   0.1813910E+02
  -0.8528774E+01   0.1824610E+02   0.2285978E+02
  -0.9265304E+01   0.1779781E+02   0.2330744E+02
  -0.9323503E+01   0.1764458E+02   0.2168744E+02
  -0.1232392E+02   0.2609458E+02   0.1529686E+02
  -0.1222917E+02   0.2805224E+02   0.1540901E+02
  -0.1192008E+02   0.2824676E+02   0.1693595E+02
  -0.1228969E+02   0.2674600E+02   0.1715964E+02
  -0.1199144E+02   0.2576942E+02   0.1833681E+02
  -0.1218522E+02   0.2522493E+02   0.2010125E+02
  -0.1167554E+02   0.2399277E+02   0.2077232E+02
  -0.1033501E+02   0.2469328E+02   0.1974443E+02
  -0.5652997E+01   0.1943292E+02   0.2158092E+02
  -0.6077749E+01   0.1929590E+02   0.2056985E+02
  -0.4864390E+01   0.1875957E+02   0.2087215E+02
  -0.3912267E+01   0.2001787E+02   0.2186775E+02
  -0.4554998E+01   0.2154192E+02   0.2246603E+02
  -0.4710163E+01   0.2320179E+02   0.2200086E+02
  -0.3508307E+01   0.2373493E+02   0.2157362E+02
  -0.3486154E+01   0.2478804E+02   0.2188803E+02
  -0.1050963E+02   0.3156030E+02   0.2063925E+02
  -0.1095276E+02   0.3009916E+02   0.2169705E+02
  -0.9772311E+01   0.2916591E+02   0.2171452E+02
  -0.1025999E+02   0.2756039E+02   0.2175085E+02
  -0.1067808E+02   0.2828352E+02   0.2099888E+02
  -0.1074042E+01   0.2659850E+02   0.1670950E+02
  -0.2805846E+00   0.2626042E+02   0.1760010E+02
  -0.5712905E+00   0.2761562E+02   0.1776164E+02
  -0.2242746E+01   0.2786983E+02   0.1726922E+02
  -0.3443696E+01   0.2728602E+02   0.1807378E+02
  -0.3192409E+01   0.3075322E+02   0.2338954E+02
  -0.3864586E+01   0.3188470E+02   0.2245407E+02
  -0.4864235E+01   0.3176210E+02   0.2177485E+02
  -0.5716750E+01   0.3210273E+02   0.2071865E+02
  -0.9436561E+01   0.2828664E+02   0.1433603E+02
  -0.8292015E+01   0.2920818E+02   0.1429618E+02
  -0.7097100E+01   0.2857767E+02   0.1390729E+02
  -0.7279146E+01   0.2941585E+02   0.1557487E+02
  -0.1082959E+00   0.3350622E+02   0.1763177E+02
  -0.1069989E+01   0.3336537E+02   0.1871297E+02
  -0.1815934E+01   0.3240741E+02   0.1834715E+02
  -0.1449637E+01   0.3098895E+02   0.1848611E+02
  -0.2830026E+01   0.3084082E+02   0.1883015E+02
  -0.1146969E+02   0.3008889E+02   0.1531494E+02
  -0.1239035E+02   0.3147891E+02   0.1629290E+02
  -0.1252106E+02   0.3182352E+02   0.1506962E+02
  -0.1084738E+02   0.3181120E+02   0.1549746E+02
  -0.9859362E+01   0.3142566E+02   0.1670135E+02
  -0.6436097E+01   0.2925986E+02   0.2287441E+02
  -0.6033828E+01   0.2763752E+02   0.2316698E+02
  -0.5684233E+01   0.2675668E+02   0.2177175E+02
  -0.6862366E+01   0.2305731E+02   0.1882743E+02
  -0.6600222E+01   0.2445810E+02   0.1920399E+02
  -0.7868189E+01   0.2535714E+02   0.1886236E+02
   0.2898061E+01   0.1761929E+02   0.2692385E+02
   0.3815319E+01   0.1656733E+02   0.2770427E+02
   0.3823857E+01   0.1745588E+02   0.2927390E+02
   0.4129688E+01   0.1855985E+02   0.2974153E+02
   0.4326210E+01   0.1880779E+02   0.3138997E+02
   0.3256332E+01   0.1895262E+02   0.3203848E+02
   0.2259932E+01   0.1830371E+02   0.3159863E+02
   0.1627127E+01   0.1699182E+02   0.3071127E+02
  -0.5110664E+01   0.1590520E+02   0.2941704E+02
  -0.6456772E+01   0.1537726E+02   0.3082018E+02
  -0.6600291E+01   0.1463708E+02   0.3163522E+02
  -0.6684945E+01   0.1326182E+02   0.3090121E+02
  -0.7194402E+01   0.1329327E+02   0.2979738E+02
  -0.6874055E+01   0.1356575E+02   0.2845093E+02
  -0.5731882E+01   0.1310900E+02   0.2817988E+02
  -0.4095303E+01   0.1368098E+02   0.2886133E+02
  -0.2591994E+01   0.1769815E+02   0.3488248E+02
  -0.3330720E+01   0.1802089E+02   0.3375200E+02
  -0.3280454E+01   0.1669968E+02   0.3464056E+02
  -0.1578007E+01   0.1585683E+02   0.3390754E+02
  -0.8427496E-01   0.1571615E+02   0.3428459E+02
   0.7337321E+00   0.6617002E+01   0.2947124E+02
  -0.5113539E+00   0.7126331E+01   0.3009437E+02
  -0.6668163E+00   0.8781981E+01   0.2960405E+02
  -0.5614847E+00   0.1019698E+02   0.2999571E+02
  -0.9786218E+00   0.1135383E+02   0.3014627E+02
  -0.4905991E+01   0.1264870E+02   0.3513257E+02
  -0.4074579E+01   0.1190104E+02   0.3570030E+02
  -0.3999102E+01   0.1068737E+02   0.3533564E+02
  -0.2563406E+01   0.1052760E+02   0.3499621E+02
   0.4220972E+01   0.1313305E+02   0.3120402E+02
   0.3945127E+01   0.1156261E+02   0.3049308E+02
   0.3024779E+01   0.1124393E+02   0.3156358E+02
   0.2272259E+01   0.1051422E+02   0.3338181E+02
  -0.3122283E+01   0.7209297E+01   0.3509869E+02
  -0.3270873E+01   0.5998059E+01   0.3346557E+02
